(kicad_pcb (version 20171130) (host pcbnew "(5.0.1-3-g963ef8bb5)")

  (general
    (thickness 1.6)
    (drawings 10)
    (tracks 0)
    (zones 0)
    (modules 165)
    (nets 188)
  )

  (page A4)
  (layers
    (0 F.Cu signal)
    (1 In1.Cu signal)
    (2 In2.Cu signal)
    (31 B.Cu signal)
    (32 B.Adhes user)
    (33 F.Adhes user)
    (34 B.Paste user)
    (35 F.Paste user)
    (36 B.SilkS user)
    (37 F.SilkS user)
    (38 B.Mask user)
    (39 F.Mask user)
    (40 Dwgs.User user)
    (41 Cmts.User user)
    (42 Eco1.User user)
    (43 Eco2.User user)
    (44 Edge.Cuts user)
    (45 Margin user)
    (46 B.CrtYd user)
    (47 F.CrtYd user)
    (48 B.Fab user)
    (49 F.Fab user hide)
  )

  (setup
    (last_trace_width 0.1524)
    (user_trace_width 0.1524)
    (user_trace_width 0.2032)
    (trace_clearance 0.1524)
    (zone_clearance 0.508)
    (zone_45_only no)
    (trace_min 0.0635)
    (segment_width 0.2)
    (edge_width 0.15)
    (via_size 0.3556)
    (via_drill 0.254)
    (via_min_size 0.3556)
    (via_min_drill 0.254)
    (uvia_size 0.3)
    (uvia_drill 0.1)
    (uvias_allowed no)
    (uvia_min_size 0.2)
    (uvia_min_drill 0.1)
    (pcb_text_width 0.3)
    (pcb_text_size 1.5 1.5)
    (mod_edge_width 0.15)
    (mod_text_size 1 1)
    (mod_text_width 0.15)
    (pad_size 1.524 1.524)
    (pad_drill 0.762)
    (pad_to_mask_clearance 0.051)
    (solder_mask_min_width 0.25)
    (aux_axis_origin 0 0)
    (visible_elements FFFFFF7F)
    (pcbplotparams
      (layerselection 0x010fc_ffffffff)
      (usegerberextensions false)
      (usegerberattributes false)
      (usegerberadvancedattributes false)
      (creategerberjobfile false)
      (excludeedgelayer true)
      (linewidth 0.100000)
      (plotframeref false)
      (viasonmask false)
      (mode 1)
      (useauxorigin false)
      (hpglpennumber 1)
      (hpglpenspeed 20)
      (hpglpendiameter 15.000000)
      (psnegative false)
      (psa4output false)
      (plotreference true)
      (plotvalue true)
      (plotinvisibletext false)
      (padsonsilk false)
      (subtractmaskfromsilk false)
      (outputformat 1)
      (mirror false)
      (drillshape 1)
      (scaleselection 1)
      (outputdirectory ""))
  )

  (net 0 "")
  (net 1 +3.3V)
  (net 2 +3V8)
  (net 3 "Net-(C303-Pad2)")
  (net 4 GND)
  (net 5 +2V8)
  (net 6 "Net-(L301-Pad1)")
  (net 7 "Net-(U301-PadB1)")
  (net 8 "Net-(U301-PadB2)")
  (net 9 /PMIC/PMIC_INTn)
  (net 10 "Net-(R305-Pad1)")
  (net 11 /PMIC/BAT+)
  (net 12 "Net-(U301-PadC1)")
  (net 13 "Net-(U301-PadC2)")
  (net 14 "Net-(R304-Pad1)")
  (net 15 "Net-(U301-PadD1)")
  (net 16 "Net-(U301-PadD2)")
  (net 17 "Net-(U301-PadD5)")
  (net 18 "Net-(R306-Pad1)")
  (net 19 "Net-(U301-PadE2)")
  (net 20 "Net-(U301-PadE3)")
  (net 21 /PMIC/BTN_BACK)
  (net 22 "Net-(C301-Pad1)")
  (net 23 "Net-(R303-Pad1)")
  (net 24 "Net-(R301-Pad1)")
  (net 25 /PMIC/BAT_THM)
  (net 26 "Net-(U301-PadF5)")
  (net 27 "Net-(U301-PadF6)")
  (net 28 "Net-(R507-Pad1)")
  (net 29 "Net-(R501-Pad1)")
  (net 30 "Net-(R503-Pad2)")
  (net 31 "Net-(C502-Pad1)")
  (net 32 "Net-(R502-Pad1)")
  (net 33 "Net-(R504-Pad2)")
  (net 34 "Net-(U501-PadD2)")
  (net 35 "Net-(U501-PadD4)")
  (net 36 "Net-(R903-Pad2)")
  (net 37 "Net-(C903-Pad1)")
  (net 38 "/Vibrate motor driver/VIBE_OUT+")
  (net 39 "Net-(R904-Pad2)")
  (net 40 "Net-(R902-Pad1)")
  (net 41 "Net-(R901-Pad1)")
  (net 42 "Net-(C901-Pad1)")
  (net 43 "/Vibrate motor driver/VIBE_OUT-")
  (net 44 /Microphone/MIC_DIN)
  (net 45 /Microphone/MIC_CLK)
  (net 46 "Net-(R601-Pad2)")
  (net 47 "Net-(C601-Pad1)")
  (net 48 /Display/DISP_SCK)
  (net 49 /Display/DISP_MOSI)
  (net 50 /Display/DISP_CSN)
  (net 51 "Net-(R702-Pad1)")
  (net 52 "Net-(R701-Pad2)")
  (net 53 "Net-(R703-Pad1)")
  (net 54 "Net-(R505-Pad1)")
  (net 55 "Net-(R506-Pad1)")
  (net 56 "Net-(C501-Pad1)")
  (net 57 "Net-(U502-Pad4)")
  (net 58 "Net-(C507-Pad1)")
  (net 59 "Net-(R516-Pad1)")
  (net 60 "Net-(R517-Pad1)")
  (net 61 "Net-(R518-Pad2)")
  (net 62 "Net-(R519-Pad1)")
  (net 63 "Net-(U504-Pad7)")
  (net 64 "Net-(R513-Pad2)")
  (net 65 "Net-(R508-Pad1)")
  (net 66 "Net-(R509-Pad1)")
  (net 67 /Sensors/SENS_IMU_INT)
  (net 68 "Net-(C505-Pad1)")
  (net 69 "Net-(U503-Pad9)")
  (net 70 "Net-(U503-Pad10)")
  (net 71 "Net-(U503-Pad11)")
  (net 72 "Net-(R512-Pad1)")
  (net 73 "Net-(R515-Pad2)")
  (net 74 "Net-(R514-Pad2)")
  (net 75 /nRF52840/NRF_CHICKEN0)
  (net 76 /nRF52840/NRF_CHICKEN1)
  (net 77 /nRF52840/NRF_CHICKEN2)
  (net 78 /nRF52840/NRF_CHICKEN3)
  (net 79 /nRF52840/NRF_ANT)
  (net 80 /Sensors/SENS_SCL)
  (net 81 VBUS)
  (net 82 /nRF52840/UARTSS_RX)
  (net 83 /nRF52840/UARTSS_TX)
  (net 84 /Sensors/SENS_SDA)
  (net 85 /PMIC/PMIC_SDA)
  (net 86 /PMIC/PMIC_SCL)
  (net 87 "/FTDI USB Debug/NRF_SWDIO")
  (net 88 "/FTDI USB Debug/NRF_SWDCLK")
  (net 89 "Net-(R807-Pad1)")
  (net 90 "Net-(R808-Pad1)")
  (net 91 "Net-(R813-Pad1)")
  (net 92 "Net-(R812-Pad1)")
  (net 93 "Net-(R811-Pad1)")
  (net 94 "/FTDI USB Debug/UARTDBG_TX")
  (net 95 "Net-(R810-Pad2)")
  (net 96 "Net-(R809-Pad2)")
  (net 97 "/FTDI USB Debug/UARTDBG_RX")
  (net 98 "Net-(R808-Pad2)")
  (net 99 "Net-(R807-Pad2)")
  (net 100 V33_FTDI)
  (net 101 "Net-(R806-Pad2)")
  (net 102 "Net-(R805-Pad2)")
  (net 103 "Net-(D703-Pad2)")
  (net 104 "Net-(D702-Pad2)")
  (net 105 "Net-(D701-Pad2)")
  (net 106 /Microphone/MIC_nSTBY)
  (net 107 /PMIC/NRF_RESETN)
  (net 108 /PMIC/PMIC_SENS)
  (net 109 /Display/BL_PWM)
  (net 110 "Net-(D701-Pad1)")
  (net 111 "/SPI Flash/FLASH_CSN")
  (net 112 "/SPI Flash/FLASH_D1")
  (net 113 "/SPI Flash/FLASH_D2")
  (net 114 "/SPI Flash/FLASH_D0")
  (net 115 "/SPI Flash/FLASH_SCK")
  (net 116 "/SPI Flash/FLASH_D3")
  (net 117 "Net-(U801-Pad7)")
  (net 118 "Net-(C807-Pad1)")
  (net 119 "Net-(C805-Pad1)")
  (net 120 "Net-(C806-Pad1)")
  (net 121 "Net-(C804-Pad1)")
  (net 122 V18_FTDI)
  (net 123 "Net-(U803-Pad18)")
  (net 124 "Net-(U803-Pad21)")
  (net 125 "Net-(U803-Pad24)")
  (net 126 "Net-(U803-Pad26)")
  (net 127 "Net-(U803-Pad27)")
  (net 128 "Net-(U803-Pad28)")
  (net 129 "Net-(U803-Pad29)")
  (net 130 "Net-(U803-Pad30)")
  (net 131 "Net-(U803-Pad32)")
  (net 132 "Net-(U803-Pad33)")
  (net 133 "Net-(U803-Pad34)")
  (net 134 "Net-(U803-Pad36)")
  (net 135 "Net-(U803-Pad41)")
  (net 136 "Net-(U803-Pad43)")
  (net 137 "Net-(U803-Pad44)")
  (net 138 "Net-(U803-Pad45)")
  (net 139 "Net-(U803-Pad46)")
  (net 140 "Net-(U803-Pad48)")
  (net 141 "Net-(U803-Pad52)")
  (net 142 "Net-(U803-Pad53)")
  (net 143 "Net-(U803-Pad54)")
  (net 144 "Net-(U803-Pad55)")
  (net 145 "Net-(U803-Pad57)")
  (net 146 "Net-(U803-Pad58)")
  (net 147 "Net-(U803-Pad59)")
  (net 148 "Net-(U803-Pad60)")
  (net 149 "Net-(C2-Pad1)")
  (net 150 "Net-(C11-Pad2)")
  (net 151 "Net-(U1-PadA8)")
  (net 152 "Net-(L2-Pad2)")
  (net 153 "Net-(U1-PadAB2)")
  (net 154 "Net-(U1-PadR1)")
  (net 155 "Net-(U1-PadP2)")
  (net 156 "Net-(C5-Pad2)")
  (net 157 "Net-(U1-PadAD4)")
  (net 158 "Net-(U1-PadAD6)")
  (net 159 "Net-(U1-PadAD22)")
  (net 160 "Net-(U1-PadAC5)")
  (net 161 "Net-(C15-Pad2)")
  (net 162 "Net-(U1-PadB9)")
  (net 163 /nRF52840/BL_EN)
  (net 164 "Net-(U1-PadB15)")
  (net 165 "Net-(U1-PadB17)")
  (net 166 "Net-(U1-PadB19)")
  (net 167 "Net-(U1-PadA14)")
  (net 168 "Net-(U1-PadA16)")
  (net 169 "Net-(U1-PadA18)")
  (net 170 "Net-(U1-PadA20)")
  (net 171 "Net-(C1-Pad1)")
  (net 172 "Net-(C4-Pad1)")
  (net 173 "Net-(U1-PadP23)")
  (net 174 /nRF52840/BTN_CENTER)
  (net 175 /nRF52840/NRF_NFC2)
  (net 176 /nRF52840/NRF_NFC1)
  (net 177 "Net-(C9-Pad2)")
  (net 178 /nRF52840/BTN_DOWN)
  (net 179 /nRF52840/BTN_UP)
  (net 180 "Net-(L2-Pad1)")
  (net 181 "Net-(J801-Pad4)")
  (net 182 "/FTDI USB Debug/USB_D-")
  (net 183 "/FTDI USB Debug/USB_D+")
  (net 184 "/FTDI USB Debug/EEDATA")
  (net 185 "/FTDI USB Debug/EECLK")
  (net 186 "/FTDI USB Debug/EECS")
  (net 187 "/FTDI USB Debug/DO")

  (net_class Default "This is the default net class."
    (clearance 0.1524)
    (trace_width 0.1524)
    (via_dia 0.3556)
    (via_drill 0.254)
    (uvia_dia 0.3)
    (uvia_drill 0.1)
    (add_net +2V8)
    (add_net +3.3V)
    (add_net +3V8)
    (add_net /Display/BL_PWM)
    (add_net /Display/DISP_CSN)
    (add_net /Display/DISP_MOSI)
    (add_net /Display/DISP_SCK)
    (add_net "/FTDI USB Debug/DO")
    (add_net "/FTDI USB Debug/EECLK")
    (add_net "/FTDI USB Debug/EECS")
    (add_net "/FTDI USB Debug/EEDATA")
    (add_net "/FTDI USB Debug/NRF_SWDCLK")
    (add_net "/FTDI USB Debug/NRF_SWDIO")
    (add_net "/FTDI USB Debug/UARTDBG_RX")
    (add_net "/FTDI USB Debug/UARTDBG_TX")
    (add_net "/FTDI USB Debug/USB_D+")
    (add_net "/FTDI USB Debug/USB_D-")
    (add_net /Microphone/MIC_CLK)
    (add_net /Microphone/MIC_DIN)
    (add_net /Microphone/MIC_nSTBY)
    (add_net /PMIC/BAT+)
    (add_net /PMIC/BAT_THM)
    (add_net /PMIC/BTN_BACK)
    (add_net /PMIC/NRF_RESETN)
    (add_net /PMIC/PMIC_INTn)
    (add_net /PMIC/PMIC_SCL)
    (add_net /PMIC/PMIC_SDA)
    (add_net /PMIC/PMIC_SENS)
    (add_net "/SPI Flash/FLASH_CSN")
    (add_net "/SPI Flash/FLASH_D0")
    (add_net "/SPI Flash/FLASH_D1")
    (add_net "/SPI Flash/FLASH_D2")
    (add_net "/SPI Flash/FLASH_D3")
    (add_net "/SPI Flash/FLASH_SCK")
    (add_net /Sensors/SENS_IMU_INT)
    (add_net /Sensors/SENS_SCL)
    (add_net /Sensors/SENS_SDA)
    (add_net "/Vibrate motor driver/VIBE_OUT+")
    (add_net "/Vibrate motor driver/VIBE_OUT-")
    (add_net /nRF52840/BL_EN)
    (add_net /nRF52840/BTN_CENTER)
    (add_net /nRF52840/BTN_DOWN)
    (add_net /nRF52840/BTN_UP)
    (add_net /nRF52840/NRF_ANT)
    (add_net /nRF52840/NRF_CHICKEN0)
    (add_net /nRF52840/NRF_CHICKEN1)
    (add_net /nRF52840/NRF_CHICKEN2)
    (add_net /nRF52840/NRF_CHICKEN3)
    (add_net /nRF52840/NRF_NFC1)
    (add_net /nRF52840/NRF_NFC2)
    (add_net /nRF52840/UARTSS_RX)
    (add_net /nRF52840/UARTSS_TX)
    (add_net GND)
    (add_net "Net-(C1-Pad1)")
    (add_net "Net-(C11-Pad2)")
    (add_net "Net-(C15-Pad2)")
    (add_net "Net-(C2-Pad1)")
    (add_net "Net-(C301-Pad1)")
    (add_net "Net-(C303-Pad2)")
    (add_net "Net-(C4-Pad1)")
    (add_net "Net-(C5-Pad2)")
    (add_net "Net-(C501-Pad1)")
    (add_net "Net-(C502-Pad1)")
    (add_net "Net-(C505-Pad1)")
    (add_net "Net-(C507-Pad1)")
    (add_net "Net-(C601-Pad1)")
    (add_net "Net-(C804-Pad1)")
    (add_net "Net-(C805-Pad1)")
    (add_net "Net-(C806-Pad1)")
    (add_net "Net-(C807-Pad1)")
    (add_net "Net-(C9-Pad2)")
    (add_net "Net-(C901-Pad1)")
    (add_net "Net-(C903-Pad1)")
    (add_net "Net-(D701-Pad1)")
    (add_net "Net-(D701-Pad2)")
    (add_net "Net-(D702-Pad2)")
    (add_net "Net-(D703-Pad2)")
    (add_net "Net-(J801-Pad4)")
    (add_net "Net-(L2-Pad1)")
    (add_net "Net-(L2-Pad2)")
    (add_net "Net-(L301-Pad1)")
    (add_net "Net-(R301-Pad1)")
    (add_net "Net-(R303-Pad1)")
    (add_net "Net-(R304-Pad1)")
    (add_net "Net-(R305-Pad1)")
    (add_net "Net-(R306-Pad1)")
    (add_net "Net-(R501-Pad1)")
    (add_net "Net-(R502-Pad1)")
    (add_net "Net-(R503-Pad2)")
    (add_net "Net-(R504-Pad2)")
    (add_net "Net-(R505-Pad1)")
    (add_net "Net-(R506-Pad1)")
    (add_net "Net-(R507-Pad1)")
    (add_net "Net-(R508-Pad1)")
    (add_net "Net-(R509-Pad1)")
    (add_net "Net-(R512-Pad1)")
    (add_net "Net-(R513-Pad2)")
    (add_net "Net-(R514-Pad2)")
    (add_net "Net-(R515-Pad2)")
    (add_net "Net-(R516-Pad1)")
    (add_net "Net-(R517-Pad1)")
    (add_net "Net-(R518-Pad2)")
    (add_net "Net-(R519-Pad1)")
    (add_net "Net-(R601-Pad2)")
    (add_net "Net-(R701-Pad2)")
    (add_net "Net-(R702-Pad1)")
    (add_net "Net-(R703-Pad1)")
    (add_net "Net-(R805-Pad2)")
    (add_net "Net-(R806-Pad2)")
    (add_net "Net-(R807-Pad1)")
    (add_net "Net-(R807-Pad2)")
    (add_net "Net-(R808-Pad1)")
    (add_net "Net-(R808-Pad2)")
    (add_net "Net-(R809-Pad2)")
    (add_net "Net-(R810-Pad2)")
    (add_net "Net-(R811-Pad1)")
    (add_net "Net-(R812-Pad1)")
    (add_net "Net-(R813-Pad1)")
    (add_net "Net-(R901-Pad1)")
    (add_net "Net-(R902-Pad1)")
    (add_net "Net-(R903-Pad2)")
    (add_net "Net-(R904-Pad2)")
    (add_net "Net-(U1-PadA14)")
    (add_net "Net-(U1-PadA16)")
    (add_net "Net-(U1-PadA18)")
    (add_net "Net-(U1-PadA20)")
    (add_net "Net-(U1-PadA8)")
    (add_net "Net-(U1-PadAB2)")
    (add_net "Net-(U1-PadAC5)")
    (add_net "Net-(U1-PadAD22)")
    (add_net "Net-(U1-PadAD4)")
    (add_net "Net-(U1-PadAD6)")
    (add_net "Net-(U1-PadB15)")
    (add_net "Net-(U1-PadB17)")
    (add_net "Net-(U1-PadB19)")
    (add_net "Net-(U1-PadB9)")
    (add_net "Net-(U1-PadP2)")
    (add_net "Net-(U1-PadP23)")
    (add_net "Net-(U1-PadR1)")
    (add_net "Net-(U301-PadB1)")
    (add_net "Net-(U301-PadB2)")
    (add_net "Net-(U301-PadC1)")
    (add_net "Net-(U301-PadC2)")
    (add_net "Net-(U301-PadD1)")
    (add_net "Net-(U301-PadD2)")
    (add_net "Net-(U301-PadD5)")
    (add_net "Net-(U301-PadE2)")
    (add_net "Net-(U301-PadE3)")
    (add_net "Net-(U301-PadF5)")
    (add_net "Net-(U301-PadF6)")
    (add_net "Net-(U501-PadD2)")
    (add_net "Net-(U501-PadD4)")
    (add_net "Net-(U502-Pad4)")
    (add_net "Net-(U503-Pad10)")
    (add_net "Net-(U503-Pad11)")
    (add_net "Net-(U503-Pad9)")
    (add_net "Net-(U504-Pad7)")
    (add_net "Net-(U801-Pad7)")
    (add_net "Net-(U803-Pad18)")
    (add_net "Net-(U803-Pad21)")
    (add_net "Net-(U803-Pad24)")
    (add_net "Net-(U803-Pad26)")
    (add_net "Net-(U803-Pad27)")
    (add_net "Net-(U803-Pad28)")
    (add_net "Net-(U803-Pad29)")
    (add_net "Net-(U803-Pad30)")
    (add_net "Net-(U803-Pad32)")
    (add_net "Net-(U803-Pad33)")
    (add_net "Net-(U803-Pad34)")
    (add_net "Net-(U803-Pad36)")
    (add_net "Net-(U803-Pad41)")
    (add_net "Net-(U803-Pad43)")
    (add_net "Net-(U803-Pad44)")
    (add_net "Net-(U803-Pad45)")
    (add_net "Net-(U803-Pad46)")
    (add_net "Net-(U803-Pad48)")
    (add_net "Net-(U803-Pad52)")
    (add_net "Net-(U803-Pad53)")
    (add_net "Net-(U803-Pad54)")
    (add_net "Net-(U803-Pad55)")
    (add_net "Net-(U803-Pad57)")
    (add_net "Net-(U803-Pad58)")
    (add_net "Net-(U803-Pad59)")
    (add_net "Net-(U803-Pad60)")
    (add_net V18_FTDI)
    (add_net V33_FTDI)
    (add_net VBUS)
  )

  (module Connector_PinHeader_2.54mm:PinHeader_1x06_P2.54mm_Vertical (layer F.Cu) (tedit 5C2DDAD2) (tstamp 5CA22D60)
    (at 46.8 66.6)
    (descr "Through hole straight pin header, 1x06, 2.54mm pitch, single row")
    (tags "Through hole pin header THT 1x06 2.54mm single row")
    (path /5C48246F/5C6B2B77)
    (fp_text reference J802 (at 0 -2.33) (layer F.SilkS) hide
      (effects (font (size 1 1) (thickness 0.15)))
    )
    (fp_text value Conn_01x06 (at 0 15.03) (layer F.Fab)
      (effects (font (size 1 1) (thickness 0.15)))
    )
    (fp_text user %R (at 0 6.35 90) (layer F.Fab)
      (effects (font (size 1 1) (thickness 0.15)))
    )
    (fp_line (start 1.8 -1.8) (end -1.8 -1.8) (layer F.CrtYd) (width 0.05))
    (fp_line (start 1.8 14.5) (end 1.8 -1.8) (layer F.CrtYd) (width 0.05))
    (fp_line (start -1.8 14.5) (end 1.8 14.5) (layer F.CrtYd) (width 0.05))
    (fp_line (start -1.8 -1.8) (end -1.8 14.5) (layer F.CrtYd) (width 0.05))
    (fp_line (start -1.33 -1.33) (end 0 -1.33) (layer F.SilkS) (width 0.12))
    (fp_line (start -1.33 0) (end -1.33 -1.33) (layer F.SilkS) (width 0.12))
    (fp_line (start -1.33 1.27) (end 1.33 1.27) (layer F.SilkS) (width 0.12))
    (fp_line (start 1.33 1.27) (end 1.33 14.03) (layer F.SilkS) (width 0.12))
    (fp_line (start -1.33 1.27) (end -1.33 14.03) (layer F.SilkS) (width 0.12))
    (fp_line (start -1.33 14.03) (end 1.33 14.03) (layer F.SilkS) (width 0.12))
    (fp_line (start -1.27 -0.635) (end -0.635 -1.27) (layer F.Fab) (width 0.1))
    (fp_line (start -1.27 13.97) (end -1.27 -0.635) (layer F.Fab) (width 0.1))
    (fp_line (start 1.27 13.97) (end -1.27 13.97) (layer F.Fab) (width 0.1))
    (fp_line (start 1.27 -1.27) (end 1.27 13.97) (layer F.Fab) (width 0.1))
    (fp_line (start -0.635 -1.27) (end 1.27 -1.27) (layer F.Fab) (width 0.1))
    (pad 6 thru_hole oval (at 0 12.7) (size 1.7 1.7) (drill 1) (layers *.Cu *.Mask)
      (net 4 GND))
    (pad 5 thru_hole oval (at 0 10.16) (size 1.7 1.7) (drill 1) (layers *.Cu *.Mask)
      (net 87 "/FTDI USB Debug/NRF_SWDIO"))
    (pad 4 thru_hole oval (at 0 7.62) (size 1.7 1.7) (drill 1) (layers *.Cu *.Mask)
      (net 88 "/FTDI USB Debug/NRF_SWDCLK"))
    (pad 3 thru_hole oval (at 0 5.08) (size 1.7 1.7) (drill 1) (layers *.Cu *.Mask)
      (net 94 "/FTDI USB Debug/UARTDBG_TX"))
    (pad 2 thru_hole oval (at 0 2.54) (size 1.7 1.7) (drill 1) (layers *.Cu *.Mask)
      (net 97 "/FTDI USB Debug/UARTDBG_RX"))
    (pad 1 thru_hole rect (at 0 0) (size 1.7 1.7) (drill 1) (layers *.Cu *.Mask)
      (net 5 +2V8))
    (model ${KISYS3DMOD}/Connector_PinHeader_2.54mm.3dshapes/PinHeader_1x06_P2.54mm_Vertical.wrl
      (at (xyz 0 0 0))
      (scale (xyz 1 1 1))
      (rotate (xyz 0 0 0))
    )
  )

  (module Button_Switch_SMD:SW_SPST_B3S-1000 (layer F.Cu) (tedit 5A02FC95) (tstamp 5CA22199)
    (at 51.125001 18.865001)
    (descr "Surface Mount Tactile Switch for High-Density Packaging")
    (tags "Tactile Switch")
    (path /5C7CB63F)
    (attr smd)
    (fp_text reference SW102 (at 0 -4.5) (layer F.SilkS)
      (effects (font (size 1 1) (thickness 0.15)))
    )
    (fp_text value B3S-1000 (at 0 4.5) (layer F.Fab)
      (effects (font (size 1 1) (thickness 0.15)))
    )
    (fp_line (start -3 3.3) (end -3 -3.3) (layer F.Fab) (width 0.1))
    (fp_line (start 3 3.3) (end -3 3.3) (layer F.Fab) (width 0.1))
    (fp_line (start 3 -3.3) (end 3 3.3) (layer F.Fab) (width 0.1))
    (fp_line (start -3 -3.3) (end 3 -3.3) (layer F.Fab) (width 0.1))
    (fp_circle (center 0 0) (end 1.65 0) (layer F.Fab) (width 0.1))
    (fp_line (start 3.15 -1.3) (end 3.15 1.3) (layer F.SilkS) (width 0.12))
    (fp_line (start -3.15 3.45) (end -3.15 3.2) (layer F.SilkS) (width 0.12))
    (fp_line (start 3.15 3.45) (end -3.15 3.45) (layer F.SilkS) (width 0.12))
    (fp_line (start 3.15 3.2) (end 3.15 3.45) (layer F.SilkS) (width 0.12))
    (fp_line (start -3.15 1.3) (end -3.15 -1.3) (layer F.SilkS) (width 0.12))
    (fp_line (start 3.15 -3.45) (end 3.15 -3.2) (layer F.SilkS) (width 0.12))
    (fp_line (start -3.15 -3.45) (end 3.15 -3.45) (layer F.SilkS) (width 0.12))
    (fp_line (start -3.15 -3.2) (end -3.15 -3.45) (layer F.SilkS) (width 0.12))
    (fp_line (start -5 -3.7) (end -5 3.7) (layer F.CrtYd) (width 0.05))
    (fp_line (start 5 -3.7) (end -5 -3.7) (layer F.CrtYd) (width 0.05))
    (fp_line (start 5 3.7) (end 5 -3.7) (layer F.CrtYd) (width 0.05))
    (fp_line (start -5 3.7) (end 5 3.7) (layer F.CrtYd) (width 0.05))
    (fp_text user %R (at 0 -4.5) (layer F.Fab)
      (effects (font (size 1 1) (thickness 0.15)))
    )
    (pad 2 smd rect (at 3.975 2.25) (size 1.55 1.3) (layers F.Cu F.Paste F.Mask)
      (net 179 /nRF52840/BTN_UP))
    (pad 2 smd rect (at -3.975 2.25) (size 1.55 1.3) (layers F.Cu F.Paste F.Mask)
      (net 179 /nRF52840/BTN_UP))
    (pad 1 smd rect (at 3.975 -2.25) (size 1.55 1.3) (layers F.Cu F.Paste F.Mask)
      (net 4 GND))
    (pad 1 smd rect (at -3.975 -2.25) (size 1.55 1.3) (layers F.Cu F.Paste F.Mask)
      (net 4 GND))
    (model ${KISYS3DMOD}/Button_Switch_SMD.3dshapes/SW_SPST_B3S-1000.wrl
      (at (xyz 0 0 0))
      (scale (xyz 1 1 1))
      (rotate (xyz 0 0 0))
    )
  )

  (module Button_Switch_SMD:SW_SPST_B3S-1000 (layer F.Cu) (tedit 5A02FC95) (tstamp 5CA221E4)
    (at 51.125001 26.315001)
    (descr "Surface Mount Tactile Switch for High-Density Packaging")
    (tags "Tactile Switch")
    (path /5C7C7C50)
    (attr smd)
    (fp_text reference SW101 (at 0 -4.5) (layer F.SilkS)
      (effects (font (size 1 1) (thickness 0.15)))
    )
    (fp_text value B3S-1000 (at 0 4.5) (layer F.Fab)
      (effects (font (size 1 1) (thickness 0.15)))
    )
    (fp_text user %R (at 0 -4.5) (layer F.Fab)
      (effects (font (size 1 1) (thickness 0.15)))
    )
    (fp_line (start -5 3.7) (end 5 3.7) (layer F.CrtYd) (width 0.05))
    (fp_line (start 5 3.7) (end 5 -3.7) (layer F.CrtYd) (width 0.05))
    (fp_line (start 5 -3.7) (end -5 -3.7) (layer F.CrtYd) (width 0.05))
    (fp_line (start -5 -3.7) (end -5 3.7) (layer F.CrtYd) (width 0.05))
    (fp_line (start -3.15 -3.2) (end -3.15 -3.45) (layer F.SilkS) (width 0.12))
    (fp_line (start -3.15 -3.45) (end 3.15 -3.45) (layer F.SilkS) (width 0.12))
    (fp_line (start 3.15 -3.45) (end 3.15 -3.2) (layer F.SilkS) (width 0.12))
    (fp_line (start -3.15 1.3) (end -3.15 -1.3) (layer F.SilkS) (width 0.12))
    (fp_line (start 3.15 3.2) (end 3.15 3.45) (layer F.SilkS) (width 0.12))
    (fp_line (start 3.15 3.45) (end -3.15 3.45) (layer F.SilkS) (width 0.12))
    (fp_line (start -3.15 3.45) (end -3.15 3.2) (layer F.SilkS) (width 0.12))
    (fp_line (start 3.15 -1.3) (end 3.15 1.3) (layer F.SilkS) (width 0.12))
    (fp_circle (center 0 0) (end 1.65 0) (layer F.Fab) (width 0.1))
    (fp_line (start -3 -3.3) (end 3 -3.3) (layer F.Fab) (width 0.1))
    (fp_line (start 3 -3.3) (end 3 3.3) (layer F.Fab) (width 0.1))
    (fp_line (start 3 3.3) (end -3 3.3) (layer F.Fab) (width 0.1))
    (fp_line (start -3 3.3) (end -3 -3.3) (layer F.Fab) (width 0.1))
    (pad 1 smd rect (at -3.975 -2.25) (size 1.55 1.3) (layers F.Cu F.Paste F.Mask)
      (net 4 GND))
    (pad 1 smd rect (at 3.975 -2.25) (size 1.55 1.3) (layers F.Cu F.Paste F.Mask)
      (net 4 GND))
    (pad 2 smd rect (at -3.975 2.25) (size 1.55 1.3) (layers F.Cu F.Paste F.Mask)
      (net 21 /PMIC/BTN_BACK))
    (pad 2 smd rect (at 3.975 2.25) (size 1.55 1.3) (layers F.Cu F.Paste F.Mask)
      (net 21 /PMIC/BTN_BACK))
    (model ${KISYS3DMOD}/Button_Switch_SMD.3dshapes/SW_SPST_B3S-1000.wrl
      (at (xyz 0 0 0))
      (scale (xyz 1 1 1))
      (rotate (xyz 0 0 0))
    )
  )

  (module Button_Switch_SMD:SW_SPST_B3S-1000 (layer F.Cu) (tedit 5A02FC95) (tstamp 5CA2222F)
    (at 61.175001 18.865001)
    (descr "Surface Mount Tactile Switch for High-Density Packaging")
    (tags "Tactile Switch")
    (path /5C7CB661)
    (attr smd)
    (fp_text reference SW103 (at 0 -4.5) (layer F.SilkS)
      (effects (font (size 1 1) (thickness 0.15)))
    )
    (fp_text value B3S-1000 (at 0 4.5) (layer F.Fab)
      (effects (font (size 1 1) (thickness 0.15)))
    )
    (fp_line (start -3 3.3) (end -3 -3.3) (layer F.Fab) (width 0.1))
    (fp_line (start 3 3.3) (end -3 3.3) (layer F.Fab) (width 0.1))
    (fp_line (start 3 -3.3) (end 3 3.3) (layer F.Fab) (width 0.1))
    (fp_line (start -3 -3.3) (end 3 -3.3) (layer F.Fab) (width 0.1))
    (fp_circle (center 0 0) (end 1.65 0) (layer F.Fab) (width 0.1))
    (fp_line (start 3.15 -1.3) (end 3.15 1.3) (layer F.SilkS) (width 0.12))
    (fp_line (start -3.15 3.45) (end -3.15 3.2) (layer F.SilkS) (width 0.12))
    (fp_line (start 3.15 3.45) (end -3.15 3.45) (layer F.SilkS) (width 0.12))
    (fp_line (start 3.15 3.2) (end 3.15 3.45) (layer F.SilkS) (width 0.12))
    (fp_line (start -3.15 1.3) (end -3.15 -1.3) (layer F.SilkS) (width 0.12))
    (fp_line (start 3.15 -3.45) (end 3.15 -3.2) (layer F.SilkS) (width 0.12))
    (fp_line (start -3.15 -3.45) (end 3.15 -3.45) (layer F.SilkS) (width 0.12))
    (fp_line (start -3.15 -3.2) (end -3.15 -3.45) (layer F.SilkS) (width 0.12))
    (fp_line (start -5 -3.7) (end -5 3.7) (layer F.CrtYd) (width 0.05))
    (fp_line (start 5 -3.7) (end -5 -3.7) (layer F.CrtYd) (width 0.05))
    (fp_line (start 5 3.7) (end 5 -3.7) (layer F.CrtYd) (width 0.05))
    (fp_line (start -5 3.7) (end 5 3.7) (layer F.CrtYd) (width 0.05))
    (fp_text user %R (at 0 -4.5) (layer F.Fab)
      (effects (font (size 1 1) (thickness 0.15)))
    )
    (pad 2 smd rect (at 3.975 2.25) (size 1.55 1.3) (layers F.Cu F.Paste F.Mask)
      (net 174 /nRF52840/BTN_CENTER))
    (pad 2 smd rect (at -3.975 2.25) (size 1.55 1.3) (layers F.Cu F.Paste F.Mask)
      (net 174 /nRF52840/BTN_CENTER))
    (pad 1 smd rect (at 3.975 -2.25) (size 1.55 1.3) (layers F.Cu F.Paste F.Mask)
      (net 4 GND))
    (pad 1 smd rect (at -3.975 -2.25) (size 1.55 1.3) (layers F.Cu F.Paste F.Mask)
      (net 4 GND))
    (model ${KISYS3DMOD}/Button_Switch_SMD.3dshapes/SW_SPST_B3S-1000.wrl
      (at (xyz 0 0 0))
      (scale (xyz 1 1 1))
      (rotate (xyz 0 0 0))
    )
  )

  (module Button_Switch_SMD:SW_SPST_B3S-1000 (layer F.Cu) (tedit 5A02FC95) (tstamp 5CA2227A)
    (at 61.175001 26.315001)
    (descr "Surface Mount Tactile Switch for High-Density Packaging")
    (tags "Tactile Switch")
    (path /5C7CB685)
    (attr smd)
    (fp_text reference SW104 (at 0 -4.5) (layer F.SilkS)
      (effects (font (size 1 1) (thickness 0.15)))
    )
    (fp_text value B3S-1000 (at 0 4.5) (layer F.Fab)
      (effects (font (size 1 1) (thickness 0.15)))
    )
    (fp_text user %R (at 0 -4.5) (layer F.Fab)
      (effects (font (size 1 1) (thickness 0.15)))
    )
    (fp_line (start -5 3.7) (end 5 3.7) (layer F.CrtYd) (width 0.05))
    (fp_line (start 5 3.7) (end 5 -3.7) (layer F.CrtYd) (width 0.05))
    (fp_line (start 5 -3.7) (end -5 -3.7) (layer F.CrtYd) (width 0.05))
    (fp_line (start -5 -3.7) (end -5 3.7) (layer F.CrtYd) (width 0.05))
    (fp_line (start -3.15 -3.2) (end -3.15 -3.45) (layer F.SilkS) (width 0.12))
    (fp_line (start -3.15 -3.45) (end 3.15 -3.45) (layer F.SilkS) (width 0.12))
    (fp_line (start 3.15 -3.45) (end 3.15 -3.2) (layer F.SilkS) (width 0.12))
    (fp_line (start -3.15 1.3) (end -3.15 -1.3) (layer F.SilkS) (width 0.12))
    (fp_line (start 3.15 3.2) (end 3.15 3.45) (layer F.SilkS) (width 0.12))
    (fp_line (start 3.15 3.45) (end -3.15 3.45) (layer F.SilkS) (width 0.12))
    (fp_line (start -3.15 3.45) (end -3.15 3.2) (layer F.SilkS) (width 0.12))
    (fp_line (start 3.15 -1.3) (end 3.15 1.3) (layer F.SilkS) (width 0.12))
    (fp_circle (center 0 0) (end 1.65 0) (layer F.Fab) (width 0.1))
    (fp_line (start -3 -3.3) (end 3 -3.3) (layer F.Fab) (width 0.1))
    (fp_line (start 3 -3.3) (end 3 3.3) (layer F.Fab) (width 0.1))
    (fp_line (start 3 3.3) (end -3 3.3) (layer F.Fab) (width 0.1))
    (fp_line (start -3 3.3) (end -3 -3.3) (layer F.Fab) (width 0.1))
    (pad 1 smd rect (at -3.975 -2.25) (size 1.55 1.3) (layers F.Cu F.Paste F.Mask)
      (net 4 GND))
    (pad 1 smd rect (at 3.975 -2.25) (size 1.55 1.3) (layers F.Cu F.Paste F.Mask)
      (net 4 GND))
    (pad 2 smd rect (at -3.975 2.25) (size 1.55 1.3) (layers F.Cu F.Paste F.Mask)
      (net 178 /nRF52840/BTN_DOWN))
    (pad 2 smd rect (at 3.975 2.25) (size 1.55 1.3) (layers F.Cu F.Paste F.Mask)
      (net 178 /nRF52840/BTN_DOWN))
    (model ${KISYS3DMOD}/Button_Switch_SMD.3dshapes/SW_SPST_B3S-1000.wrl
      (at (xyz 0 0 0))
      (scale (xyz 1 1 1))
      (rotate (xyz 0 0 0))
    )
  )

  (module Capacitor_SMD:C_0603_1608Metric (layer F.Cu) (tedit 5B301BBE) (tstamp 5CA222BC)
    (at 99.205001 -6.744999)
    (descr "Capacitor SMD 0603 (1608 Metric), square (rectangular) end terminal, IPC_7351 nominal, (Body size source: http://www.tortai-tech.com/upload/download/2011102023233369053.pdf), generated with kicad-footprint-generator")
    (tags capacitor)
    (path /5C249375/5C24B7BA)
    (attr smd)
    (fp_text reference C5 (at 0 -1.43) (layer F.SilkS)
      (effects (font (size 1 1) (thickness 0.15)))
    )
    (fp_text value "100nF X7R" (at 0 1.43) (layer F.Fab)
      (effects (font (size 1 1) (thickness 0.15)))
    )
    (fp_text user %R (at 0 0) (layer F.Fab)
      (effects (font (size 0.4 0.4) (thickness 0.06)))
    )
    (fp_line (start 1.48 0.73) (end -1.48 0.73) (layer F.CrtYd) (width 0.05))
    (fp_line (start 1.48 -0.73) (end 1.48 0.73) (layer F.CrtYd) (width 0.05))
    (fp_line (start -1.48 -0.73) (end 1.48 -0.73) (layer F.CrtYd) (width 0.05))
    (fp_line (start -1.48 0.73) (end -1.48 -0.73) (layer F.CrtYd) (width 0.05))
    (fp_line (start -0.162779 0.51) (end 0.162779 0.51) (layer F.SilkS) (width 0.12))
    (fp_line (start -0.162779 -0.51) (end 0.162779 -0.51) (layer F.SilkS) (width 0.12))
    (fp_line (start 0.8 0.4) (end -0.8 0.4) (layer F.Fab) (width 0.1))
    (fp_line (start 0.8 -0.4) (end 0.8 0.4) (layer F.Fab) (width 0.1))
    (fp_line (start -0.8 -0.4) (end 0.8 -0.4) (layer F.Fab) (width 0.1))
    (fp_line (start -0.8 0.4) (end -0.8 -0.4) (layer F.Fab) (width 0.1))
    (pad 2 smd roundrect (at 0.7875 0) (size 0.875 0.95) (layers F.Cu F.Paste F.Mask) (roundrect_rratio 0.25)
      (net 156 "Net-(C5-Pad2)"))
    (pad 1 smd roundrect (at -0.7875 0) (size 0.875 0.95) (layers F.Cu F.Paste F.Mask) (roundrect_rratio 0.25)
      (net 4 GND))
    (model ${KISYS3DMOD}/Capacitor_SMD.3dshapes/C_0603_1608Metric.wrl
      (at (xyz 0 0 0))
      (scale (xyz 1 1 1))
      (rotate (xyz 0 0 0))
    )
  )

  (module Capacitor_SMD:C_0603_1608Metric (layer F.Cu) (tedit 5B301BBE) (tstamp 5CA222EC)
    (at 96.195001 -5.234999)
    (descr "Capacitor SMD 0603 (1608 Metric), square (rectangular) end terminal, IPC_7351 nominal, (Body size source: http://www.tortai-tech.com/upload/download/2011102023233369053.pdf), generated with kicad-footprint-generator")
    (tags capacitor)
    (path /5C249375/5C2C501B)
    (attr smd)
    (fp_text reference C6 (at 0 -1.43) (layer F.SilkS)
      (effects (font (size 1 1) (thickness 0.15)))
    )
    (fp_text value "4.7µF X7R" (at 0 1.43) (layer F.Fab)
      (effects (font (size 1 1) (thickness 0.15)))
    )
    (fp_line (start -0.8 0.4) (end -0.8 -0.4) (layer F.Fab) (width 0.1))
    (fp_line (start -0.8 -0.4) (end 0.8 -0.4) (layer F.Fab) (width 0.1))
    (fp_line (start 0.8 -0.4) (end 0.8 0.4) (layer F.Fab) (width 0.1))
    (fp_line (start 0.8 0.4) (end -0.8 0.4) (layer F.Fab) (width 0.1))
    (fp_line (start -0.162779 -0.51) (end 0.162779 -0.51) (layer F.SilkS) (width 0.12))
    (fp_line (start -0.162779 0.51) (end 0.162779 0.51) (layer F.SilkS) (width 0.12))
    (fp_line (start -1.48 0.73) (end -1.48 -0.73) (layer F.CrtYd) (width 0.05))
    (fp_line (start -1.48 -0.73) (end 1.48 -0.73) (layer F.CrtYd) (width 0.05))
    (fp_line (start 1.48 -0.73) (end 1.48 0.73) (layer F.CrtYd) (width 0.05))
    (fp_line (start 1.48 0.73) (end -1.48 0.73) (layer F.CrtYd) (width 0.05))
    (fp_text user %R (at 0 0) (layer F.Fab)
      (effects (font (size 0.4 0.4) (thickness 0.06)))
    )
    (pad 1 smd roundrect (at -0.7875 0) (size 0.875 0.95) (layers F.Cu F.Paste F.Mask) (roundrect_rratio 0.25)
      (net 5 +2V8))
    (pad 2 smd roundrect (at 0.7875 0) (size 0.875 0.95) (layers F.Cu F.Paste F.Mask) (roundrect_rratio 0.25)
      (net 4 GND))
    (model ${KISYS3DMOD}/Capacitor_SMD.3dshapes/C_0603_1608Metric.wrl
      (at (xyz 0 0 0))
      (scale (xyz 1 1 1))
      (rotate (xyz 0 0 0))
    )
  )

  (module Capacitor_SMD:C_0603_1608Metric (layer F.Cu) (tedit 5B301BBE) (tstamp 5CA2231C)
    (at 93.185001 -2.214999)
    (descr "Capacitor SMD 0603 (1608 Metric), square (rectangular) end terminal, IPC_7351 nominal, (Body size source: http://www.tortai-tech.com/upload/download/2011102023233369053.pdf), generated with kicad-footprint-generator")
    (tags capacitor)
    (path /5C249375/5C258886)
    (attr smd)
    (fp_text reference C7 (at 0 -1.43) (layer F.SilkS)
      (effects (font (size 1 1) (thickness 0.15)))
    )
    (fp_text value "100nF X7R" (at 0 1.43) (layer F.Fab)
      (effects (font (size 1 1) (thickness 0.15)))
    )
    (fp_text user %R (at 0 0) (layer F.Fab)
      (effects (font (size 0.4 0.4) (thickness 0.06)))
    )
    (fp_line (start 1.48 0.73) (end -1.48 0.73) (layer F.CrtYd) (width 0.05))
    (fp_line (start 1.48 -0.73) (end 1.48 0.73) (layer F.CrtYd) (width 0.05))
    (fp_line (start -1.48 -0.73) (end 1.48 -0.73) (layer F.CrtYd) (width 0.05))
    (fp_line (start -1.48 0.73) (end -1.48 -0.73) (layer F.CrtYd) (width 0.05))
    (fp_line (start -0.162779 0.51) (end 0.162779 0.51) (layer F.SilkS) (width 0.12))
    (fp_line (start -0.162779 -0.51) (end 0.162779 -0.51) (layer F.SilkS) (width 0.12))
    (fp_line (start 0.8 0.4) (end -0.8 0.4) (layer F.Fab) (width 0.1))
    (fp_line (start 0.8 -0.4) (end 0.8 0.4) (layer F.Fab) (width 0.1))
    (fp_line (start -0.8 -0.4) (end 0.8 -0.4) (layer F.Fab) (width 0.1))
    (fp_line (start -0.8 0.4) (end -0.8 -0.4) (layer F.Fab) (width 0.1))
    (pad 2 smd roundrect (at 0.7875 0) (size 0.875 0.95) (layers F.Cu F.Paste F.Mask) (roundrect_rratio 0.25)
      (net 4 GND))
    (pad 1 smd roundrect (at -0.7875 0) (size 0.875 0.95) (layers F.Cu F.Paste F.Mask) (roundrect_rratio 0.25)
      (net 5 +2V8))
    (model ${KISYS3DMOD}/Capacitor_SMD.3dshapes/C_0603_1608Metric.wrl
      (at (xyz 0 0 0))
      (scale (xyz 1 1 1))
      (rotate (xyz 0 0 0))
    )
  )

  (module Capacitor_SMD:C_0603_1608Metric (layer F.Cu) (tedit 5B301BBE) (tstamp 5CA2234C)
    (at 91.535001 0.925001)
    (descr "Capacitor SMD 0603 (1608 Metric), square (rectangular) end terminal, IPC_7351 nominal, (Body size source: http://www.tortai-tech.com/upload/download/2011102023233369053.pdf), generated with kicad-footprint-generator")
    (tags capacitor)
    (path /5C249375/5C2588C5)
    (attr smd)
    (fp_text reference C8 (at 0 -1.43) (layer F.SilkS)
      (effects (font (size 1 1) (thickness 0.15)))
    )
    (fp_text value "100nF X7R" (at 0 1.43) (layer F.Fab)
      (effects (font (size 1 1) (thickness 0.15)))
    )
    (fp_line (start -0.8 0.4) (end -0.8 -0.4) (layer F.Fab) (width 0.1))
    (fp_line (start -0.8 -0.4) (end 0.8 -0.4) (layer F.Fab) (width 0.1))
    (fp_line (start 0.8 -0.4) (end 0.8 0.4) (layer F.Fab) (width 0.1))
    (fp_line (start 0.8 0.4) (end -0.8 0.4) (layer F.Fab) (width 0.1))
    (fp_line (start -0.162779 -0.51) (end 0.162779 -0.51) (layer F.SilkS) (width 0.12))
    (fp_line (start -0.162779 0.51) (end 0.162779 0.51) (layer F.SilkS) (width 0.12))
    (fp_line (start -1.48 0.73) (end -1.48 -0.73) (layer F.CrtYd) (width 0.05))
    (fp_line (start -1.48 -0.73) (end 1.48 -0.73) (layer F.CrtYd) (width 0.05))
    (fp_line (start 1.48 -0.73) (end 1.48 0.73) (layer F.CrtYd) (width 0.05))
    (fp_line (start 1.48 0.73) (end -1.48 0.73) (layer F.CrtYd) (width 0.05))
    (fp_text user %R (at 0 0) (layer F.Fab)
      (effects (font (size 0.4 0.4) (thickness 0.06)))
    )
    (pad 1 smd roundrect (at -0.7875 0) (size 0.875 0.95) (layers F.Cu F.Paste F.Mask) (roundrect_rratio 0.25)
      (net 5 +2V8))
    (pad 2 smd roundrect (at 0.7875 0) (size 0.875 0.95) (layers F.Cu F.Paste F.Mask) (roundrect_rratio 0.25)
      (net 4 GND))
    (model ${KISYS3DMOD}/Capacitor_SMD.3dshapes/C_0603_1608Metric.wrl
      (at (xyz 0 0 0))
      (scale (xyz 1 1 1))
      (rotate (xyz 0 0 0))
    )
  )

  (module Capacitor_SMD:C_0603_1608Metric (layer F.Cu) (tedit 5B301BBE) (tstamp 5CA2237C)
    (at 88.525001 0.925001)
    (descr "Capacitor SMD 0603 (1608 Metric), square (rectangular) end terminal, IPC_7351 nominal, (Body size source: http://www.tortai-tech.com/upload/download/2011102023233369053.pdf), generated with kicad-footprint-generator")
    (tags capacitor)
    (path /5C249375/5C252541)
    (attr smd)
    (fp_text reference C9 (at 0 -1.43) (layer F.SilkS)
      (effects (font (size 1 1) (thickness 0.15)))
    )
    (fp_text value "820pF NP0" (at 0 1.43) (layer F.Fab)
      (effects (font (size 1 1) (thickness 0.15)))
    )
    (fp_text user %R (at 0 0) (layer F.Fab)
      (effects (font (size 0.4 0.4) (thickness 0.06)))
    )
    (fp_line (start 1.48 0.73) (end -1.48 0.73) (layer F.CrtYd) (width 0.05))
    (fp_line (start 1.48 -0.73) (end 1.48 0.73) (layer F.CrtYd) (width 0.05))
    (fp_line (start -1.48 -0.73) (end 1.48 -0.73) (layer F.CrtYd) (width 0.05))
    (fp_line (start -1.48 0.73) (end -1.48 -0.73) (layer F.CrtYd) (width 0.05))
    (fp_line (start -0.162779 0.51) (end 0.162779 0.51) (layer F.SilkS) (width 0.12))
    (fp_line (start -0.162779 -0.51) (end 0.162779 -0.51) (layer F.SilkS) (width 0.12))
    (fp_line (start 0.8 0.4) (end -0.8 0.4) (layer F.Fab) (width 0.1))
    (fp_line (start 0.8 -0.4) (end 0.8 0.4) (layer F.Fab) (width 0.1))
    (fp_line (start -0.8 -0.4) (end 0.8 -0.4) (layer F.Fab) (width 0.1))
    (fp_line (start -0.8 0.4) (end -0.8 -0.4) (layer F.Fab) (width 0.1))
    (pad 2 smd roundrect (at 0.7875 0) (size 0.875 0.95) (layers F.Cu F.Paste F.Mask) (roundrect_rratio 0.25)
      (net 177 "Net-(C9-Pad2)"))
    (pad 1 smd roundrect (at -0.7875 0) (size 0.875 0.95) (layers F.Cu F.Paste F.Mask) (roundrect_rratio 0.25)
      (net 4 GND))
    (model ${KISYS3DMOD}/Capacitor_SMD.3dshapes/C_0603_1608Metric.wrl
      (at (xyz 0 0 0))
      (scale (xyz 1 1 1))
      (rotate (xyz 0 0 0))
    )
  )

  (module Capacitor_SMD:C_0603_1608Metric (layer F.Cu) (tedit 5B301BBE) (tstamp 5CA223AC)
    (at 85.515001 2.435001)
    (descr "Capacitor SMD 0603 (1608 Metric), square (rectangular) end terminal, IPC_7351 nominal, (Body size source: http://www.tortai-tech.com/upload/download/2011102023233369053.pdf), generated with kicad-footprint-generator")
    (tags capacitor)
    (path /5C249375/5C24E5DB)
    (attr smd)
    (fp_text reference C11 (at 0 -1.43) (layer F.SilkS)
      (effects (font (size 1 1) (thickness 0.15)))
    )
    (fp_text value "100pF NP0" (at 0 1.43) (layer F.Fab)
      (effects (font (size 1 1) (thickness 0.15)))
    )
    (fp_line (start -0.8 0.4) (end -0.8 -0.4) (layer F.Fab) (width 0.1))
    (fp_line (start -0.8 -0.4) (end 0.8 -0.4) (layer F.Fab) (width 0.1))
    (fp_line (start 0.8 -0.4) (end 0.8 0.4) (layer F.Fab) (width 0.1))
    (fp_line (start 0.8 0.4) (end -0.8 0.4) (layer F.Fab) (width 0.1))
    (fp_line (start -0.162779 -0.51) (end 0.162779 -0.51) (layer F.SilkS) (width 0.12))
    (fp_line (start -0.162779 0.51) (end 0.162779 0.51) (layer F.SilkS) (width 0.12))
    (fp_line (start -1.48 0.73) (end -1.48 -0.73) (layer F.CrtYd) (width 0.05))
    (fp_line (start -1.48 -0.73) (end 1.48 -0.73) (layer F.CrtYd) (width 0.05))
    (fp_line (start 1.48 -0.73) (end 1.48 0.73) (layer F.CrtYd) (width 0.05))
    (fp_line (start 1.48 0.73) (end -1.48 0.73) (layer F.CrtYd) (width 0.05))
    (fp_text user %R (at 0 0) (layer F.Fab)
      (effects (font (size 0.4 0.4) (thickness 0.06)))
    )
    (pad 1 smd roundrect (at -0.7875 0) (size 0.875 0.95) (layers F.Cu F.Paste F.Mask) (roundrect_rratio 0.25)
      (net 4 GND))
    (pad 2 smd roundrect (at 0.7875 0) (size 0.875 0.95) (layers F.Cu F.Paste F.Mask) (roundrect_rratio 0.25)
      (net 150 "Net-(C11-Pad2)"))
    (model ${KISYS3DMOD}/Capacitor_SMD.3dshapes/C_0603_1608Metric.wrl
      (at (xyz 0 0 0))
      (scale (xyz 1 1 1))
      (rotate (xyz 0 0 0))
    )
  )

  (module Capacitor_SMD:C_0603_1608Metric (layer F.Cu) (tedit 5B301BBE) (tstamp 5CA223DC)
    (at 93.185001 -6.744999)
    (descr "Capacitor SMD 0603 (1608 Metric), square (rectangular) end terminal, IPC_7351 nominal, (Body size source: http://www.tortai-tech.com/upload/download/2011102023233369053.pdf), generated with kicad-footprint-generator")
    (tags capacitor)
    (path /5C249375/5C258A61)
    (attr smd)
    (fp_text reference C12 (at 0 -1.43) (layer F.SilkS)
      (effects (font (size 1 1) (thickness 0.15)))
    )
    (fp_text value "100nF X7R" (at 0 1.43) (layer F.Fab)
      (effects (font (size 1 1) (thickness 0.15)))
    )
    (fp_text user %R (at 0 0) (layer F.Fab)
      (effects (font (size 0.4 0.4) (thickness 0.06)))
    )
    (fp_line (start 1.48 0.73) (end -1.48 0.73) (layer F.CrtYd) (width 0.05))
    (fp_line (start 1.48 -0.73) (end 1.48 0.73) (layer F.CrtYd) (width 0.05))
    (fp_line (start -1.48 -0.73) (end 1.48 -0.73) (layer F.CrtYd) (width 0.05))
    (fp_line (start -1.48 0.73) (end -1.48 -0.73) (layer F.CrtYd) (width 0.05))
    (fp_line (start -0.162779 0.51) (end 0.162779 0.51) (layer F.SilkS) (width 0.12))
    (fp_line (start -0.162779 -0.51) (end 0.162779 -0.51) (layer F.SilkS) (width 0.12))
    (fp_line (start 0.8 0.4) (end -0.8 0.4) (layer F.Fab) (width 0.1))
    (fp_line (start 0.8 -0.4) (end 0.8 0.4) (layer F.Fab) (width 0.1))
    (fp_line (start -0.8 -0.4) (end 0.8 -0.4) (layer F.Fab) (width 0.1))
    (fp_line (start -0.8 0.4) (end -0.8 -0.4) (layer F.Fab) (width 0.1))
    (pad 2 smd roundrect (at 0.7875 0) (size 0.875 0.95) (layers F.Cu F.Paste F.Mask) (roundrect_rratio 0.25)
      (net 4 GND))
    (pad 1 smd roundrect (at -0.7875 0) (size 0.875 0.95) (layers F.Cu F.Paste F.Mask) (roundrect_rratio 0.25)
      (net 5 +2V8))
